
Goblin
1
50
5
5
50
100
0

Slime
2
70
10
10
100
150
0

Thief
3
150
20
5
150
200
0

Kobald
4
200
17
17
200
250
0

Kobra
5
250
25
0
250
300
0

Poisonous Rat
6
300
20
20
350
400
0

Rookie knight
7
400
60
0
400
450
0

Cyclops
8
500
80
80
450
500
0

Golem
9
500
150
150
500
550
0

Baby Dragon
10
700
140
140
550
600
0

Blue Goblin
11
800
160
160
600
700
0

Blue Slime
12
1000
150
150
650
800
0

Blue Thief
13
1200
250
50
800
900
0

Blue Kobald
14
1500
200
200
900
1000
0

Blue Kobra
15
1500
400
50
1000
1100
0

Blue Rat
16
1500
250
250
800
1200
0

Crow knight
17
2000
200
450
900
2000
0

Cyclops
18
1700
300
300
900
1800
0

Blue Golem
19
2000
300
300
1000
1750
0

Blue Dragon
20
3000
200
200
2000
150
0

Green Goblin
21
2100
200
200
1000
1800
0

Green Slime
22
2300
250
250
1100
2000
0

Green Thief
23
2000
400
50
2000
2100
0

Green Kobald
24
3000
300
300
1200
2200
0

Green Kobra
25
3200
450
50
1250
2400
0

Green Rat
26
3300
300
300
1300
2400
0

Falcon knight
27
3400
350
300
1400
2450
0

Green Cyclops
28
3500
380
280
1400
2500
0

Green Golem
29
3500
380
380
1500
2550
0

Green Dragon
30
4000
450
450
3500
200
0

Red Goblin
31
3500
350
350
1600
2600
0

Red Slime
32
3700
400
250
1600
2000
0

Red Thief
33
3400
500
50
1700
3000
0

Red Kobald
34
4000
420
400
1700
2500
0

Red Kobra
35
4000
600
0
1800
3000
0

Red Rat
36
3800
420
500
1800
400
0

Copper knight
37
4200
400
600
1900
4000
0

Red Cyclops
38
4100
400
450
1900
3000
0

Red Golem
39
4500
600
300
2000
3000
0

Red Dragon
40
6000
600
600
5000
600
0

White Goblin
41
4500
450
450
2000
4000
0

White Slime
42
4700
470
470
2100
4000
0

White Thief
43
4500
600
50
2200
4000
0

White Kobald
44
4700
500
500
2200
4000
0

White Kobra
45
4500
600
200
2300
4000
0

White Poisonous Rat
46
5000
500
450
2300
4000
0

Silver knight
47
6000
450
500
2400
6000
0

White Cyclops
48
4900
500
500
2400
4000
0

White Golem
49
5200
450
450
3000
4000
0

White Dragon
50
8000
650
600
10000
600
0

Goblin boss
51
5200
550
450
2600
5000
0

Slime Boss
52
6000
500
550
2600
5000
0

Thief Boss
53
5000
700
50
2700
5000
0

Kobald Boss
54
6000
570
570
2700
5000
0

Kobra King
55
6000
700
200
2800
5000
0

Rat Boss
56
6200
570
570
2800
5000
0

Rookie paladin
57
6500
500
650
2900
5000
0

Cyclops Boss
58
6300
650
600
2900
5000
0

Golem Boss
59
6500
650
650
3000
5000
0

Elder Dragon
60
9000
800
800
7000
600
0

Blue Goblin boss
61
5500
650
550
3100
6000
0

Blue Slime Boss
62
6500
600
650
3100
6000
0

Blue Thief Boss
63
6000
800
150
3200
6000
0

Blue Kobald Boss
64
6700
630
630
3200
6000
0

Blue Kobra King
65
6700
800
300
3300
6000
0

Blue Rat Boss
66
6500
670
630
3300
6000
0

Falcon paladin
67
7000
650
700
3400
10000
0

Blue Cyclops Boss
68
6800
700
650
3400
6000
0

Blue Golem Boss
69
7000
700
700
3500
6000
0

Blue Elder Dragon
70
11000
1000
1100
9000
600
0

Green Goblin Boss
71
7000
800
700
3600
7000
0

Green Slime Boss
72
7500
750
750
3600
7000
0

Green Thief Boss
73
7000
900
250
3700
7000
0

Green Kobald Boss
74
7200
800
750
3700
7000
0

Green Kobra King
75
7500
900
400
3800
7000
0

Green Rat Boss
76
8000
800
800
3800
7000
0

Copper Paladin
77
10000
800
850
3900
7000
0

Green Cyclops Boss
78
9000
850
800
3900
7000
0

Green Golem Boss
79
9000
900
870
4000
7000
0

Green Elder Dragon
80
15000
1500
1500
15000
800
0

Red Goblin Boss
81
10000
10000
10000
4000
8000
0

Red Slime Boss
82
10000
1100
1000
4100
8000
0

Red Thief Boss
83
11000
1500
100
4200
8000
0

Red Kobald Boss
84
11000
1200
1200
4200
8000
0

Red Kobra King
85
12000
1500
500
4300
8000
0

Red Rat Boss
86
13000
1200
1300
4300
8000
0

Silver Paladin
87
20000
1500
1600
4700
30000
0

Red Cyclops Boss
88
14000
1400
1300
4400
8000
0

Red Golem Boss
89
14500
1400
1400
4500
8000
0

Red Elder Dragon
90
30000
3600
3600
60000
600
0

White Goblin Boss
91
16000
1450
1600
4600
9000
0

White Slime Boss
92
17000
1500
1650
4600
9000
0

White Thief Boss
93
18000
2000
50
4700
8000
0

White Kobald Boss
94
18000
1800
1800
4700
9000
0

White Kobra King
95
19000
2000
1000
4800
9000
0

White Poisonous Rat Boss
96
18000
1900
1900
4800
9000
0

Gold Paladin
97
25000
2000
2000
4800
20000
0

White Cyclops Boss
98
22500
2300
2500
4900
9000
0

White Golem Boss
99
25200
3000
2000
5000
9000
0

White Elder Dragon
100
200000
20000
20000
777777
600
0

